0  20.000
1  15.000
2  12.250
3   8.938
4   5.566
5   2.259
6  -0.837
7  -3.603
8  -5.944
9  -7.797
10  -9.124
11  -9.914
12 -10.183
13  -9.968
14  -9.325
15  -8.323
16  -7.040
17  -5.562
18  -3.973
19  -2.356
20  -0.785
21   0.673
22   1.962
23   3.041
24   3.882
25   4.468
26   4.797
27   4.880
28   4.734
29   4.390
30   3.880
31   3.244
32   2.522
33   1.754
34   0.981
35   0.236
36  -0.449
37  -1.050
38  -1.546
39  -1.925
40  -2.182
41  -2.317
42  -2.334
43  -2.245
44  -2.063
45  -1.805
46  -1.491
47  -1.139
48  -0.769
49  -0.399
50  -0.047
51   0.275
52   0.553
53   0.781
54   0.952
55   1.063
56   1.117
57   1.115
58   1.063
59   0.968
60   0.838
61   0.683
62   0.512
63   0.334
64   0.158
65  -0.009
66  -0.159
67  -0.289
68  -0.392
69  -0.469
70  -0.517
71  -0.537
72  -0.531
73  -0.502
74  -0.453
75  -0.388
76  -0.312
77  -0.229
78  -0.144
79  -0.060
80   0.019
81   0.089
82   0.149
83   0.196
84   0.230
85   0.251
86   0.258
87   0.253
88   0.237
89   0.212
90   0.179
91   0.142
92   0.102
93   0.061
94   0.021
95  -0.016
96  -0.049
97  -0.076
98  -0.098
99  -0.113
